0.000000e+00 0.000000e+00
0.000000e+00 0.000000e+00
0.000000e+00 0.000000e+00
0.000000e+00 0.000000e+00
0.000000e+00 0.000000e+00
0.000000e+00 0.000000e+00
0.000000e+00 0.000000e+00
0.000000e+00 0.000000e+00
0.000000e+00 0.000000e+00
0.000000e+00 0.000000e+00
0.000000e+00 0.000000e+00
0.000000e+00 0.000000e+00
0.000000e+00 0.000000e+00
0.000000e+00 0.000000e+00
0.000000e+00 0.000000e+00
0.000000e+00 0.000000e+00
0.000000e+00 0.000000e+00
0.000000e+00 0.000000e+00
0.000000e+00 0.000000e+00
0.000000e+00 0.000000e+00
0.000000e+00 0.000000e+00
0.000000e+00 0.000000e+00
0.000000e+00 0.000000e+00
0.000000e+00 0.000000e+00
0.000000e+00 0.000000e+00
0.000000e+00 0.000000e+00
4.222868e+05 1.332519e+03
4.145027e+05 1.255643e+03
4.093133e+05 1.265253e+03
3.561220e+05 1.230018e+03
3.340671e+05 1.098688e+03
3.042281e+05 1.111500e+03
2.575236e+05 9.929830e+02
2.387120e+05 8.552467e+02
2.458475e+05 9.737640e+02
2.309279e+05 8.136054e+02
1.874668e+05 7.847769e+02
1.816287e+05 7.783706e+02
1.796827e+05 7.591515e+02
1.530871e+05 6.342279e+02
1.433570e+05 7.303230e+02
1.388162e+05 5.605549e+02
1.154640e+05 5.669613e+02
1.161126e+05 5.573518e+02
9.600375e+04 5.125074e+02
1.115719e+05 5.573518e+02
9.859845e+04 5.541486e+02
7.848956e+04 5.221169e+02
7.913823e+04 4.676630e+02
8.043558e+04 4.324281e+02
7.070547e+04 4.356313e+02
6.486740e+04 4.164122e+02
6.292138e+04 3.107076e+02
4.346116e+04 3.907869e+02
5.448862e+04 3.427393e+02
4.605585e+04 3.779742e+02
4.410983e+04 3.619583e+02
3.762309e+04 3.555520e+02
5.059657e+04 2.914886e+02
4.086646e+04 2.850822e+02
2.854166e+04 2.722695e+02
3.373105e+04 2.722695e+02
4.151514e+04 2.754727e+02
3.437972e+04 3.107076e+02
2.594696e+04 2.722695e+02
3.308237e+04 2.370347e+02
2.529829e+04 2.498473e+02
2.010889e+04 2.114093e+02
2.205492e+04 1.953934e+02
1.881155e+04 1.729712e+02
1.491950e+04 2.114093e+02
1.362215e+04 2.082061e+02
2.010889e+04 1.889871e+02
1.686552e+04 2.146125e+02
1.556818e+04 1.153142e+02
1.037878e+04 1.761744e+02
1.167613e+04 1.569554e+02
4.540718e+03 1.249237e+02
1.037878e+04 1.409395e+02
1.167613e+04 1.793776e+02
1.102746e+04 1.537522e+02
9.730110e+03 1.505490e+02
7.784088e+03 1.601586e+02
7.135414e+03 1.345332e+02
1.167613e+04 1.473459e+02
5.838066e+03 1.537522e+02
7.784088e+03 1.249237e+02
7.135414e+03 9.609513e+01
6.486740e+03 1.153142e+02
4.540718e+03 9.289196e+01
8.432762e+03 1.249237e+02
3.243370e+03 8.328245e+01
7.135414e+03 7.687610e+01
6.486740e+03 9.609513e+01
3.243370e+03 9.929830e+01
7.135414e+03 6.406342e+01
1.946022e+03 7.046976e+01
4.540718e+03 5.765708e+01
5.189392e+03 8.328245e+01
1.946022e+03 7.046976e+01
4.540718e+03 6.086025e+01
4.540718e+03 4.484439e+01
1.037878e+04 5.445391e+01
2.594696e+03 6.086025e+01
2.594696e+03 6.086025e+01
2.594696e+03 6.086025e+01
1.946022e+03 6.086025e+01
2.594696e+03 5.125074e+01
3.892044e+03 2.562537e+01
4.540718e+03 4.164122e+01
6.486740e+02 6.086025e+01
1.946022e+03 8.007928e+01
2.594696e+03 4.164122e+01
2.594696e+03 4.164122e+01
1.946022e+03 4.484439e+01
2.594696e+03 4.164122e+01
1.297348e+03 5.445391e+01
1.297348e+03 6.406342e+01
1.946022e+03 3.843805e+01
2.594696e+03 3.523488e+01
3.243370e+03 3.203171e+01
3.243370e+03 4.164122e+01
2.594696e+03 3.203171e+01
1.297348e+03 4.484439e+01
1.946022e+03 4.164122e+01
1.297348e+03 3.843805e+01
6.486740e+02 3.203171e+01
1.946022e+03 2.562537e+01
1.946022e+03 4.164122e+01
2.594696e+03 2.242220e+01
1.297348e+03 1.921903e+01
1.297348e+03 3.843805e+01
6.486740e+02 5.765708e+01
1.297348e+03 2.562537e+01
1.297348e+03 5.445391e+01
1.297348e+03 1.921903e+01
1.297348e+03 2.882854e+01
6.486740e+02 1.281268e+01
6.486740e+02 1.601586e+01
1.297348e+03 2.882854e+01
6.486740e+02 1.281268e+01
1.297348e+03 1.601586e+01
1.946022e+03 1.601586e+01
0.000000e+00 1.281268e+01
0.000000e+00 2.242220e+01
1.297348e+03 1.281268e+01
1.297348e+03 2.242220e+01
6.486740e+02 2.562537e+01
1.297348e+03 9.609513e+00
6.486740e+02 2.242220e+01
1.946022e+03 2.242220e+01
6.486740e+02 2.562537e+01
0.000000e+00 9.609513e+00
0.000000e+00 1.281268e+01
0.000000e+00 2.242220e+01
0.000000e+00 3.203171e+00
6.486740e+02 1.281268e+01
6.486740e+02 3.203171e+00
6.486740e+02 3.203171e+00
6.486740e+02 9.609513e+00
6.486740e+02 1.921903e+01
6.486740e+02 9.609513e+00
1.297348e+03 9.609513e+00
0.000000e+00 1.281268e+01
6.486740e+02 6.406342e+00
6.486740e+02 9.609513e+00
0.000000e+00 3.203171e+00
0.000000e+00 9.609513e+00
1.297348e+03 9.609513e+00
0.000000e+00 6.406342e+00
0.000000e+00 1.281268e+01
6.486740e+02 3.203171e+00
0.000000e+00 0.000000e+00
6.486740e+02 1.601586e+01
0.000000e+00 6.406342e+00
0.000000e+00 9.609513e+00
0.000000e+00 6.406342e+00
0.000000e+00 3.203171e+00
0.000000e+00 1.281268e+01
6.486740e+02 9.609513e+00
0.000000e+00 3.203171e+00
0.000000e+00 1.281268e+01
0.000000e+00 3.203171e+00
0.000000e+00 6.406342e+00
0.000000e+00 9.609513e+00
0.000000e+00 3.203171e+00
0.000000e+00 3.203171e+00
0.000000e+00 6.406342e+00
0.000000e+00 3.203171e+00
6.486740e+02 6.406342e+00
0.000000e+00 3.203171e+00
6.486740e+02 9.609513e+00
0.000000e+00 3.203171e+00
0.000000e+00 3.203171e+00
0.000000e+00 6.406342e+00
6.486740e+02 3.203171e+00
0.000000e+00 0.000000e+00
6.486740e+02 6.406342e+00
0.000000e+00 3.203171e+00
0.000000e+00 3.203171e+00
0.000000e+00 9.609513e+00
0.000000e+00 0.000000e+00
0.000000e+00 0.000000e+00
6.486740e+02 0.000000e+00
0.000000e+00 3.203171e+00
6.486740e+02 3.203171e+00
0.000000e+00 0.000000e+00
6.486740e+02 3.203171e+00
0.000000e+00 3.203171e+00
0.000000e+00 0.000000e+00
6.486740e+02 6.406342e+00
0.000000e+00 0.000000e+00
0.000000e+00 6.406342e+00
0.000000e+00 6.406342e+00
0.000000e+00 3.203171e+00
6.486740e+02 0.000000e+00
0.000000e+00 3.203171e+00
0.000000e+00 0.000000e+00
0.000000e+00 0.000000e+00
0.000000e+00 3.203171e+00
0.000000e+00 0.000000e+00
0.000000e+00 0.000000e+00
0.000000e+00 0.000000e+00
0.000000e+00 0.000000e+00
6.486740e+02 0.000000e+00
0.000000e+00 3.203171e+00
0.000000e+00 0.000000e+00
0.000000e+00 0.000000e+00
0.000000e+00 0.000000e+00
0.000000e+00 0.000000e+00
0.000000e+00 3.203171e+00
0.000000e+00 0.000000e+00
0.000000e+00 0.000000e+00
0.000000e+00 0.000000e+00
6.486740e+02 0.000000e+00
6.486740e+02 3.203171e+00
0.000000e+00 6.406342e+00
0.000000e+00 0.000000e+00
0.000000e+00 0.000000e+00
0.000000e+00 0.000000e+00
0.000000e+00 0.000000e+00
0.000000e+00 0.000000e+00
0.000000e+00 9.609513e+00
0.000000e+00 3.203171e+00
0.000000e+00 0.000000e+00
0.000000e+00 3.203171e+00
0.000000e+00 3.203171e+00
0.000000e+00 0.000000e+00
0.000000e+00 0.000000e+00
0.000000e+00 0.000000e+00
0.000000e+00 0.000000e+00
0.000000e+00 0.000000e+00
6.486740e+02 4.804757e+00