0.000000e+00 0.000000e+00
0.000000e+00 0.000000e+00
0.000000e+00 0.000000e+00
0.000000e+00 0.000000e+00
0.000000e+00 0.000000e+00
0.000000e+00 0.000000e+00
0.000000e+00 0.000000e+00
0.000000e+00 0.000000e+00
0.000000e+00 0.000000e+00
0.000000e+00 0.000000e+00
0.000000e+00 0.000000e+00
0.000000e+00 0.000000e+00
0.000000e+00 0.000000e+00
0.000000e+00 0.000000e+00
0.000000e+00 0.000000e+00
0.000000e+00 0.000000e+00
0.000000e+00 0.000000e+00
0.000000e+00 0.000000e+00
0.000000e+00 0.000000e+00
0.000000e+00 0.000000e+00
0.000000e+00 0.000000e+00
0.000000e+00 0.000000e+00
0.000000e+00 0.000000e+00
0.000000e+00 0.000000e+00
0.000000e+00 0.000000e+00
0.000000e+00 0.000000e+00
3.404593e+03 5.923392e+01
4.017843e+03 5.879188e+01
3.415166e+03 6.453845e+01
3.182554e+03 5.834983e+01
3.457459e+03 5.216122e+01
3.235421e+03 5.591859e+01
2.865356e+03 5.613961e+01
2.960516e+03 5.304530e+01
2.854783e+03 4.707771e+01
2.738477e+03 4.530953e+01
2.336693e+03 5.216122e+01
1.850322e+03 4.619362e+01
2.400132e+03 4.906691e+01
2.167520e+03 4.486749e+01
2.283826e+03 4.287829e+01
1.903189e+03 4.287829e+01
1.755163e+03 3.492149e+01
1.776309e+03 3.912091e+01
1.702296e+03 3.514251e+01
1.670577e+03 3.624762e+01
1.670577e+03 3.337434e+01
1.649430e+03 3.867887e+01
1.734016e+03 3.713171e+01
1.258219e+03 3.536354e+01
1.279366e+03 3.293229e+01
1.194779e+03 3.204820e+01
1.184206e+03 2.453345e+01
1.300512e+03 2.961696e+01
1.215926e+03 2.762776e+01
1.205353e+03 3.293229e+01
1.131340e+03 2.431243e+01
1.237073e+03 2.387039e+01
9.410210e+02 2.342834e+01
8.881547e+02 1.989199e+01
1.289939e+03 2.011301e+01
1.089047e+03 2.099710e+01
9.093012e+02 2.011301e+01
9.515943e+02 2.210221e+01
7.718487e+02 1.723972e+01
8.141418e+02 2.033403e+01
7.612754e+02 2.099710e+01
7.718487e+02 1.746075e+01
7.929952e+02 1.790279e+01
7.084091e+02 1.502950e+01
6.661160e+02 1.657666e+01
5.921031e+02 1.701870e+01
5.286635e+02 1.591359e+01
6.872625e+02 1.237724e+01
5.815298e+02 1.171417e+01
6.343962e+02 1.525052e+01
6.238229e+02 1.237724e+01
6.449695e+02 1.237724e+01
5.286635e+02 1.193519e+01
5.286635e+02 1.193519e+01
4.652239e+02 1.149315e+01
4.229308e+02 1.193519e+01
5.075170e+02 9.061906e+00
4.757971e+02 9.724972e+00
4.863704e+02 1.060906e+01
4.969437e+02 1.083008e+01
4.863704e+02 1.016702e+01
3.806377e+02 1.016702e+01
2.960516e+02 1.038804e+01
4.440773e+02 7.735773e+00
4.440773e+02 8.840884e+00
3.700644e+02 9.503950e+00
2.749050e+02 1.060906e+01
2.431852e+02 7.735773e+00
3.277714e+02 9.061906e+00
2.326119e+02 8.177818e+00
3.066248e+02 8.840884e+00
2.326119e+02 9.282928e+00
3.594912e+02 8.398840e+00
2.431852e+02 7.293729e+00
1.903189e+02 7.735773e+00
2.537585e+02 5.967597e+00
2.326119e+02 6.630663e+00
1.797456e+02 5.967597e+00
2.749050e+02 5.083508e+00
2.008921e+02 7.293729e+00
1.268792e+02 4.199420e+00
1.268792e+02 5.525552e+00
2.220387e+02 5.525552e+00
1.585990e+02 5.967597e+00
9.515943e+01 4.641464e+00
1.585990e+02 5.083508e+00
2.431852e+02 5.746575e+00
1.691723e+02 5.967597e+00
1.585990e+02 4.641464e+00
1.480258e+02 2.873287e+00
1.268792e+02 4.862486e+00
2.220387e+02 5.525552e+00
8.458616e+01 4.420442e+00
1.374525e+02 4.199420e+00
1.268792e+02 2.431243e+00
1.691723e+02 4.420442e+00
1.057327e+02 2.873287e+00
1.057327e+02 3.094309e+00
1.691723e+02 4.862486e+00
1.480258e+02 6.188619e+00
1.585990e+02 3.315331e+00
9.515943e+01 3.978398e+00
1.268792e+02 3.094309e+00
1.268792e+02 2.652265e+00
8.458616e+01 3.978398e+00
8.458616e+01 2.873287e+00
1.163060e+02 3.315331e+00
6.343962e+01 2.652265e+00
2.114654e+02 3.094309e+00
5.286635e+01 2.873287e+00
5.286635e+01 4.199420e+00
8.458616e+01 3.315331e+00
6.343962e+01 1.547155e+00
6.343962e+01 1.768177e+00
4.229308e+01 2.652265e+00
3.171981e+01 3.094309e+00
6.343962e+01 2.873287e+00
3.171981e+01 2.652265e+00
6.343962e+01 2.210221e+00
7.401289e+01 1.768177e+00
6.343962e+01 2.431243e+00
6.343962e+01 1.989199e+00
7.401289e+01 2.210221e+00
6.343962e+01 1.768177e+00
9.515943e+01 4.199420e+00
6.343962e+01 2.210221e+00
6.343962e+01 2.431243e+00
3.171981e+01 8.840884e-01
7.401289e+01 1.326133e+00
4.229308e+01 2.431243e+00
9.515943e+01 1.768177e+00
5.286635e+01 1.547155e+00
8.458616e+01 1.768177e+00
6.343962e+01 1.989199e+00
7.401289e+01 1.768177e+00
6.343962e+01 1.547155e+00
3.171981e+01 1.989199e+00
8.458616e+01 1.105110e+00
2.114654e+01 1.326133e+00
3.171981e+01 1.547155e+00
4.229308e+01 1.105110e+00
3.171981e+01 8.840884e-01
6.343962e+01 1.105110e+00
3.171981e+01 4.420442e-01
5.286635e+01 1.989199e+00
3.171981e+01 6.630663e-01
6.343962e+01 8.840884e-01
2.114654e+01 1.105110e+00
3.171981e+01 4.420442e-01
3.171981e+01 1.326133e+00
3.171981e+01 2.210221e-01
4.229308e+01 2.210221e-01
5.286635e+01 1.105110e+00
3.171981e+01 4.420442e-01
4.229308e+01 1.768177e+00
5.286635e+01 6.630663e-01
3.171981e+01 8.840884e-01
1.057327e+01 4.420442e-01
3.171981e+01 4.420442e-01
3.171981e+01 4.420442e-01
2.114654e+01 8.840884e-01
4.229308e+01 6.630663e-01
2.114654e+01 6.630663e-01
2.114654e+01 2.210221e-01
2.114654e+01 1.326133e+00
2.114654e+01 2.210221e-01
3.171981e+01 8.840884e-01
4.229308e+01 1.326133e+00
4.229308e+01 2.210221e-01
0.000000e+00 6.630663e-01
1.057327e+01 2.210221e-01
2.114654e+01 6.630663e-01
2.114654e+01 0.000000e+00
1.057327e+01 6.630663e-01
0.000000e+00 4.420442e-01
1.057327e+01 8.840884e-01
1.057327e+01 4.420442e-01
4.229308e+01 0.000000e+00
1.057327e+01 4.420442e-01
0.000000e+00 8.840884e-01
1.057327e+01 4.420442e-01
2.114654e+01 0.000000e+00
6.343962e+01 0.000000e+00
3.171981e+01 6.630663e-01
1.057327e+01 4.420442e-01
1.057327e+01 4.420442e-01
2.114654e+01 2.210221e-01
0.000000e+00 4.420442e-01
2.114654e+01 2.210221e-01
1.057327e+01 2.210221e-01
0.000000e+00 2.210221e-01
0.000000e+00 0.000000e+00
2.114654e+01 6.630663e-01
0.000000e+00 0.000000e+00
1.057327e+01 4.420442e-01
2.114654e+01 4.420442e-01
2.114654e+01 8.840884e-01
0.000000e+00 0.000000e+00
1.057327e+01 2.210221e-01
0.000000e+00 0.000000e+00
1.057327e+01 2.210221e-01
1.057327e+01 4.420442e-01
2.114654e+01 2.210221e-01
1.057327e+01 4.420442e-01
0.000000e+00 0.000000e+00
0.000000e+00 2.210221e-01
1.057327e+01 0.000000e+00
1.057327e+01 4.420442e-01
1.057327e+01 0.000000e+00
0.000000e+00 4.420442e-01
0.000000e+00 0.000000e+00
1.057327e+01 2.210221e-01
0.000000e+00 4.420442e-01
2.114654e+01 2.210221e-01
0.000000e+00 0.000000e+00
1.057327e+01 2.210221e-01
0.000000e+00 2.210221e-01
3.171981e+01 2.210221e-01
0.000000e+00 2.210221e-01
0.000000e+00 2.210221e-01
0.000000e+00 2.210221e-01
0.000000e+00 0.000000e+00
0.000000e+00 0.000000e+00
0.000000e+00 0.000000e+00
0.000000e+00 0.000000e+00
0.000000e+00 0.000000e+00
4.546506e+02 8.177818e+00